34
55
56
59
60
61
63
64
65
67
70
71
72
126
127
128
134
136
138
262
264
265
273
274
275
276
277
280
281
283
290
292
293
294
298
299
300
301
304
307
311
324
326
330
332
334
335
338
340
341
342
343
345
350
355
356
357
360
362
364
367
368
370
373
402
408
417
422
441
442
443
445
446
448
449
451
453
454
455
457
458
459
461
467
468
469
470
474
475
476
477
478
479
482
486
487
489
491
492
493
494
495
500
501
502
503
504
507
508
509
512
517
518
519
520
521
522
524
529
535
540
545
549
593
594
615
617
620
621
623
624
626
629
634
635
636
638
640
644
645
648
653
654
657
659
661
668
669
671
674
678
683
686
691
695
696
701
708
710
714
715
722
726
727
728
729
731
732
733
735
747
760
762
767
768
771
773
775
776
787
789
791
792
793
796
799
800
802
804
805
808
810
811
813
817
822
824
825
828
832
833
835
840
848
852
854
857
864
865
871
875
876
878
880
886
888
894
902
903
904
907
909
912
942
943
963
967
971
978
981
984
992
993
999
1004
1006
1008
1009
1016
1021
1025
1030
1031
1039
1044
1046
1047
1048
1055
1057
1060
1064
1068
1069
1073
1074
1076
1078
1086
1096
1104
1105
1107
1109
1113
1114
1116
1117
1121
1124
1126
1131
1133
1135
1146
1163
1164
1180
1182
1183
1184
1189
1191
1192
1193
1194
1195
1198
1201
1202
1204
1231
1239
1240
1241
1245
1255
1256
1258
1261
1263
1268
1270
1275
1281
1285
1292
1294
1303
1304
1307
1318
1320
1321
1322
1335
1345
1349
1350
1351
1353
1355
1358
1359
1368
1374
